15,15,1
15,16,6
15,18,23
15,19,31
15,20,37
15,21,37
15,22,21
15,23,19
15,24,42
15,26,2
15,27,6
15,29,80
15,4,22
15,11,16
15,12,72
15,14,26
15,6,20
15,8,7
15,25,20
15,28,16
15,30,95
15,32,95
15,33,95
15,1,30
15,37,19
15,2,16
15,36,19
15,35,19
15,3,20
15,7,21
15,54,18
15,47,20
15,38,12
15,53,84
15,43,30
15,51,18
15,48,32
15,46,12
15,52,34
15,49,11
15,61,4
15,40,42
15,63,52
15,59,3
15,10,22
15,64,104
15,66,16
15,55,13
15,58,24
15,60,22
15,5,24
15,13,11
15,31,24
15,17,9
15,9,21
15,44,12
15,57,19
15,62,26
15,45,12
15,65,15
16,15,6
16,16,1
16,18,22
16,19,29
16,20,35
16,21,34
16,22,25
16,23,17
16,24,45
16,26,7
16,27,2
16,29,83
16,4,26
16,11,18
16,12,74
16,14,30
16,6,22
16,8,3
16,25,22
16,28,18
16,30,91
16,32,91
16,33,91
16,1,28
16,37,19
16,2,15
16,36,19
16,35,19
16,3,23
16,7,22
16,54,21
16,47,22
16,38,8
16,53,82
16,43,29
16,51,21
16,48,30
16,46,8
16,52,38
16,49,7
16,61,9
16,40,40
16,63,58
16,59,5
16,10,24
16,64,107
16,66,19
16,55,16
16,58,24
16,60,25
16,5,25
16,13,7
16,31,27
16,17,4
16,9,24
16,44,8
16,57,19
16,62,27
16,45,8
16,65,11
18,15,22
18,16,23
18,18,1
18,19,13
18,20,15
18,21,22
18,22,21
18,23,9
18,24,29
18,26,21
18,27,25
18,29,88
18,4,21
18,11,10
18,12,80
18,14,25
18,6,10
18,8,26
18,25,6
18,28,12
18,30,89
18,32,89
18,33,89
18,1,12
18,37,8
18,2,11
18,36,8
18,35,8
18,3,8
18,7,6
18,54,11
18,47,9
18,38,31
18,53,105
18,43,12
18,51,13
18,48,9
18,46,31
18,52,24
18,49,23
18,61,20
18,40,26
18,63,48
18,59,22
18,10,16
18,64,112
18,66,10
18,55,13
18,58,7
18,60,10
18,5,8
18,13,23
18,31,10
18,17,27
18,9,20
18,44,31
18,57,7
18,62,9
18,45,31
18,65,27
19,15,31
19,16,30
19,18,13
19,19,1
19,20,9
19,21,13
19,22,34
19,23,14
19,24,37
19,26,32
19,27,32
19,29,101
19,4,34
19,11,24
19,12,93
19,14,39
19,6,23
19,8,33
19,25,19
19,28,25
19,30,88
19,32,88
19,33,88
19,1,1
19,37,15
19,2,18
19,36,15
19,35,15
19,3,21
19,7,19
19,54,24
19,47,22
19,38,38
19,53,112
19,43,1
19,51,26
19,48,9
19,46,38
19,52,32
19,49,29
19,61,31
19,40,15
19,63,58
19,59,29
19,10,29
19,64,128
19,66,23
19,55,25
19,58,20
19,60,23
19,5,21
19,13,29
19,31,22
19,17,34
19,9,33
19,44,38
19,57,14
19,62,20
19,45,38
19,65,32
20,15,37
20,16,36
20,18,15
20,19,9
20,20,1
20,21,21
20,22,35
20,23,20
20,24,33
20,26,35
20,27,38
20,29,98
20,4,35
20,11,25
20,12,94
20,14,36
20,6,24
20,8,39
20,25,20
20,28,26
20,30,97
20,32,97
20,33,97
20,1,10
20,37,18
20,2,21
20,36,18
20,35,18
20,3,22
20,7,20
20,54,25
20,47,23
20,38,44
20,53,118
20,43,9
20,51,27
20,48,6
20,46,44
20,52,29
20,49,36
20,61,34
20,40,14
20,63,55
20,59,35
20,10,30
20,64,124
20,66,25
20,55,29
20,58,18
20,60,22
20,5,18
20,13,36
20,31,20
20,17,40
20,9,34
20,44,44
20,57,17
20,62,17
20,45,44
20,65,40
21,15,37
21,16,35
21,18,21
21,19,13
21,20,20
21,21,1
21,22,43
21,23,22
21,24,50
21,26,38
21,27,37
21,29,109
21,4,43
21,11,32
21,12,101
21,14,46
21,6,31
21,8,38
21,25,28
21,28,33
21,30,83
21,32,83
21,33,83
21,1,11
21,37,23
21,2,26
21,36,23
21,35,23
21,3,30
21,7,27
21,54,33
21,47,31
21,38,43
21,53,116
21,43,12
21,51,35
21,48,22
21,46,43
21,52,45
21,49,30
21,61,39
21,40,7
21,63,71
21,59,36
21,10,37
21,64,134
21,66,32
21,55,34
21,58,28
21,60,32
21,5,29
21,13,30
21,31,32
21,17,39
21,9,41
21,44,43
21,57,22
21,62,31
21,45,43
21,65,33
22,15,20
22,16,25
22,18,21
22,19,34
22,20,34
22,21,43
22,22,1
22,23,29
22,24,32
22,26,19
22,27,26
22,29,66
22,4,5
22,11,15
22,12,59
22,14,9
22,6,12
22,8,27
22,25,15
22,28,15
22,30,111
22,32,111
22,33,111
22,1,33
22,37,25
22,2,25
22,36,25
22,35,25
22,3,13
22,7,16
22,54,12
22,47,13
22,38,33
22,53,97
22,43,33
22,51,10
22,48,29
22,46,33
22,52,18
22,49,30
22,61,16
22,40,47
22,63,35
22,59,20
22,10,9
22,64,91
22,66,14
22,55,15
22,58,19
22,60,15
22,5,19
22,13,30
22,31,17
22,17,29
22,9,5
22,44,33
22,57,26
22,62,20
22,45,33
22,65,34
23,15,19
23,16,18
23,18,9
23,19,14
23,20,19
23,21,22
23,22,29
23,23,1
23,24,38
23,26,19
23,27,20
23,29,93
23,4,28
23,11,13
23,12,86
23,14,32
23,6,17
23,8,21
23,25,16
23,28,14
23,30,82
23,32,82
23,33,82
23,1,13
23,37,4
23,2,5
23,36,4
23,35,4
23,3,17
23,7,16
23,54,18
23,47,17
23,38,25
23,53,100
23,43,13
23,51,19
23,48,14
23,46,25
23,52,33
23,49,18
23,61,18
23,40,27
23,63,58
23,59,17
23,10,23
23,64,118
23,66,14
23,55,14
23,58,16
23,60,19
23,5,17
23,13,18
23,31,19
23,17,22
23,9,27
23,44,25
23,57,3
23,62,18
23,45,25
23,65,21
24,15,42
24,16,45
24,18,29
24,19,37
24,20,33
24,21,49
24,22,32
24,23,38
24,24,1
24,26,41
24,27,47
24,29,88
24,4,29
24,11,27
24,12,91
24,14,28
24,6,24
24,8,48
24,25,25
24,28,28
24,30,118
24,32,118
24,33,118
24,1,38
24,37,36
24,2,36
24,36,36
24,35,36
24,3,25
24,7,26
24,54,26
24,47,24
24,38,53
24,53,125
24,43,37
24,51,26
24,48,28
24,46,53
24,52,16
24,49,46
24,61,40
24,40,46
24,63,42
24,59,42
24,10,24
24,64,115
24,66,27
24,55,30
24,58,23
24,60,23
24,5,22
24,13,46
24,31,21
24,17,49
24,9,30
24,44,53
24,57,36
24,62,20
24,45,53
24,65,50
26,15,3
26,16,8
26,18,24
26,19,32
26,20,38
26,21,39
26,22,18
26,23,20
26,24,42
26,26,1
26,27,8
26,29,77
26,4,19
26,11,17
26,12,70
26,14,23
26,6,20
26,8,9
26,25,22
26,28,15
26,30,97
26,32,97
26,33,97
26,1,31
26,37,20
26,2,17
26,36,20
26,35,20
26,3,21
26,7,22
26,54,18
26,47,21
26,38,15
26,53,85
26,43,31
26,51,17
26,48,33
26,46,15
26,52,32
26,49,13
26,61,2
26,40,44
26,63,50
26,59,4
26,10,20
26,64,102
26,66,16
26,55,12
26,58,25
26,60,23
26,5,25
26,13,13
26,31,25
26,17,11
26,9,18
26,44,15
26,57,21
26,62,27
26,45,15
26,65,17
27,15,6
27,16,3
27,18,25
27,19,32
27,20,38
27,21,37
27,22,26
27,23,20
27,24,48
27,26,8
27,27,1
27,29,81
27,4,27
27,11,21
27,12,73
27,14,31
27,6,25
27,8,1
27,25,24
27,28,21
27,30,94
27,32,94
27,33,94
27,1,31
27,37,21
27,2,17
27,36,21
27,35,21
27,3,25
27,7,24
27,54,23
27,47,25
27,38,7
27,53,80
27,43,31
27,51,23
27,48,33
27,46,7
27,52,40
27,49,10
27,61,10
27,40,43
27,63,57
27,59,8
27,10,27
27,64,106
27,66,21
27,55,18
27,58,27
27,60,27
27,5,27
27,13,10
27,31,29
27,17,3
27,9,26
27,44,7
27,57,22
27,62,30
27,45,7
27,65,12
29,15,80
29,16,84
29,18,88
29,19,101
29,20,98
29,21,109
29,22,67
29,23,94
29,24,88
29,26,79
29,27,82
29,29,1
29,4,70
29,11,82
29,12,17
29,14,70
29,6,79
29,8,82
29,25,82
29,28,82
29,30,171
29,32,171
29,33,171
29,1,103
29,37,90
29,2,90
29,36,90
29,35,90
29,3,80
29,7,83
29,54,79
29,47,80
29,38,81
29,53,81
29,43,101
29,51,76
29,48,93
29,46,81
29,52,72
29,49,89
29,61,78
29,40,110
29,63,66
29,59,81
29,10,75
29,64,28
29,66,81
29,55,80
29,58,86
29,60,82
29,5,85
29,13,89
29,31,82
29,17,81
29,9,71
29,44,81
29,57,91
29,62,83
29,45,81
29,65,91
4,15,21
4,16,26
4,18,21
4,19,34
4,20,35
4,21,43
4,22,5
4,23,28
4,24,29
4,26,20
4,27,27
4,29,70
4,4,1
4,11,15
4,12,62
4,14,4
4,6,12
4,8,28
4,25,15
4,28,15
4,30,110
4,32,110
4,33,110
4,1,33
4,37,25
4,2,25
4,36,25
4,35,25
4,3,13
4,7,16
4,54,12
4,47,13
4,38,34
4,53,102
4,43,33
4,51,9
4,48,30
4,46,34
4,52,13
4,49,31
4,61,18
4,40,48
4,63,32
4,59,21
4,10,5
4,64,94
4,66,14
4,55,15
4,58,19
4,60,13
4,5,17
4,13,31
4,31,16
4,17,30
4,9,2
4,44,34
4,57,25
4,62,17
4,45,34
4,65,35
11,15,15
11,16,18
11,18,10
11,19,24
11,20,24
11,21,32
11,22,15
11,23,13
11,24,27
11,26,14
11,27,21
11,29,82
11,4,15
11,11,1
11,12,74
11,14,19
11,6,4
11,8,21
11,25,5
11,28,1
11,30,95
11,32,95
11,33,95
11,1,23
11,37,9
11,2,9
11,36,9
11,35,9
11,3,4
11,7,6
11,54,4
11,47,4
11,38,26
11,53,98
11,43,23
11,51,7
11,48,19
11,46,26
11,52,22
11,49,19
11,61,13
11,40,37
11,63,45
11,59,15
11,10,10
11,64,106
11,66,1
11,55,4
11,58,9
11,60,6
11,5,9
11,13,19
11,31,8
11,17,22
11,9,14
11,44,26
11,57,10
11,62,10
11,45,26
11,65,22
12,15,72
12,16,75
12,18,80
12,19,93
12,20,93
12,21,101
12,22,59
12,23,86
12,24,91
12,26,71
12,27,73
12,29,17
12,4,62
12,11,74
12,12,1
12,14,64
12,6,71
12,8,73
12,25,74
12,28,74
12,30,161
12,32,161
12,33,161
12,1,92
12,37,82
12,2,82
12,36,82
12,35,82
12,3,72
12,7,75
12,54,71
12,47,72
12,38,71
12,53,67
12,43,92
12,51,68
12,48,88
12,46,71
12,52,75
12,49,80
12,61,70
12,40,106
12,63,73
12,59,73
12,10,67
12,64,34
12,66,73
12,55,72
12,58,78
12,60,74
12,5,78
12,13,80
12,31,76
12,17,72
12,9,63
12,44,71
12,57,83
12,62,79
12,45,71
12,65,82
14,15,25
14,16,30
14,18,25
14,19,39
14,20,36
14,21,46
14,22,9
14,23,32
14,24,28
14,26,24
14,27,31
14,29,68
14,4,4
14,11,19
14,12,64
14,14,1
14,6,16
14,8,32
14,25,19
14,28,19
14,30,114
14,32,114
14,33,114
14,1,37
14,37,28
14,2,29
14,36,28
14,35,28
14,3,17
14,7,20
14,54,16
14,47,17
14,38,38
14,53,104
14,43,39
14,51,13
14,48,31
14,46,38
14,52,12
14,49,35
14,61,21
14,40,48
14,63,29
14,59,25
14,10,9
14,64,95
14,66,18
14,55,19
14,58,19
14,60,18
14,5,19
14,13,35
14,31,16
14,17,34
14,9,6
14,44,38
14,57,29
14,62,17
14,45,38
14,65,38
6,15,19
6,16,22
6,18,9
6,19,22
6,20,22
6,21,30
6,22,12
6,23,16
6,24,24
6,26,17
6,27,24
6,29,78
6,4,11
6,11,4
6,12,70
6,14,15
6,6,1
6,8,25
6,25,3
6,28,4
6,30,99
6,32,99
6,33,99
6,1,21
6,37,13
6,2,13
6,36,13
6,35,13
6,3,1
6,7,4
6,54,2
6,47,1
6,38,30
6,53,102
6,43,21
6,51,3
6,48,17
6,46,30
6,52,19
6,49,22
6,61,16
6,40,35
6,63,41
6,59,18
6,10,6
6,64,103
6,66,3
6,55,7
6,58,7
6,60,3
6,5,7
6,13,22
6,31,5
6,17,26
6,9,10
6,44,30
6,57,13
6,62,8
6,45,30
6,65,26
8,15,7
8,16,3
8,18,26
8,19,33
8,20,39
8,21,38
8,22,27
8,23,21
8,24,48
8,26,9
8,27,1
8,29,81
8,4,28
8,11,22
8,12,73
8,14,32
8,6,26
8,8,1
8,25,25
8,28,22
8,30,94
8,32,94
8,33,94
8,1,32
8,37,22
8,2,18
8,36,22
8,35,22
8,3,26
8,7,25
8,54,24
8,47,26
8,38,7
8,53,79
8,43,32
8,51,24
8,48,34
8,46,7
8,52,41
8,49,11
8,61,11
8,40,43
8,63,58
8,59,9
8,10,28
8,64,106
8,66,22
8,55,19
8,58,27
8,60,28
8,5,28
8,13,11
8,31,30
8,17,2
8,9,27
8,44,7
8,57,22
8,62,30
8,45,7
8,65,13
25,15,20
25,16,22
25,18,6
25,19,19
25,20,19
25,21,27
25,22,15
25,23,16
25,24,25
25,26,18
25,27,24
25,29,81
25,4,15
25,11,5
25,12,74
25,14,19
25,6,3
25,8,25
25,25,1
25,28,6
25,30,95
25,32,95
25,33,95
25,1,18
25,37,12
25,2,13
25,36,12
25,35,12
25,3,2
25,7,1
25,54,5
25,47,3
25,38,30
25,53,103
25,43,18
25,51,7
25,48,14
25,46,30
25,52,20
25,49,22
25,61,18
25,40,32
25,63,45
25,59,19
25,10,10
25,64,106
25,66,5
25,55,9
25,58,4
25,60,4
25,5,4
25,13,22
25,31,6
25,17,26
25,9,13
25,44,30
25,57,12
25,62,6
25,45,30
25,65,26
28,15,15
28,16,18
28,18,11
28,19,25
28,20,25
28,21,33
28,22,15
28,23,13
28,24,27
28,26,13
28,27,20
28,29,81
28,4,15
28,11,1
28,12,73
28,14,18
28,6,4
28,8,21
28,25,6
28,28,1
28,30,96
28,32,96
28,33,96
28,1,23
28,37,10
28,2,10
28,36,10
28,35,10
28,3,5
28,7,7
28,54,4
28,47,5
28,38,26
28,53,98
28,43,24
28,51,7
28,48,20
28,46,26
28,52,22
28,49,19
28,61,13
28,40,38
28,63,45
28,59,14
28,10,9
28,64,106
28,66,1
28,55,3
28,58,10
28,60,7
28,5,10
28,13,19
28,31,9
28,17,22
28,9,13
28,44,26
28,57,10
28,62,11
28,45,26
28,65,23
30,15,96
30,16,92
30,18,90
30,19,89
30,20,97
30,21,84
30,22,112
30,23,83
30,24,119
30,26,97
30,27,94
30,29,171
30,4,111
30,11,96
30,12,162
30,14,115
30,6,100
30,8,95
30,25,96
30,28,97
30,30,1
30,32,1
30,33,1
30,1,88
30,37,87
30,2,88
30,36,87
30,35,87
30,3,98
30,7,96
30,54,101
30,47,100
30,38,93
30,53,134
30,43,88
30,51,102
30,48,95
30,46,93
30,52,114
30,49,84
30,61,98
30,40,91
30,63,138
30,59,95
30,10,106
30,64,195
30,66,97
30,55,97
30,58,97
30,60,100
30,5,98
30,13,84
30,31,100
30,17,96
30,9,110
30,44,93
30,57,86
30,62,99
30,45,93
30,65,86
32,15,96
32,16,92
32,18,90
32,19,89
32,20,97
32,21,84
32,22,112
32,23,83
32,24,119
32,26,97
32,27,94
32,29,171
32,4,111
32,11,96
32,12,162
32,14,115
32,6,100
32,8,95
32,25,96
32,28,97
32,30,1
32,32,1
32,33,1
32,1,88
32,37,87
32,2,88
32,36,87
32,35,87
32,3,98
32,7,96
32,54,101
32,47,100
32,38,93
32,53,134
32,43,88
32,51,102
32,48,95
32,46,93
32,52,114
32,49,84
32,61,98
32,40,91
32,63,138
32,59,95
32,10,106
32,64,195
32,66,97
32,55,97
32,58,97
32,60,100
32,5,98
32,13,84
32,31,100
32,17,96
32,9,110
32,44,93
32,57,86
32,62,99
32,45,93
32,65,86
33,15,96
33,16,92
33,18,90
33,19,89
33,20,97
33,21,84
33,22,112
33,23,83
33,24,119
33,26,97
33,27,94
33,29,171
33,4,111
33,11,96
33,12,162
33,14,115
33,6,100
33,8,95
33,25,96
33,28,97
33,30,1
33,32,1
33,33,1
33,1,88
33,37,87
33,2,88
33,36,87
33,35,87
33,3,98
33,7,96
33,54,101
33,47,100
33,38,93
33,53,134
33,43,88
33,51,102
33,48,95
33,46,93
33,52,114
33,49,84
33,61,98
33,40,91
33,63,138
33,59,95
33,10,106
33,64,195
33,66,97
33,55,97
33,58,97
33,60,100
33,5,98
33,13,84
33,31,100
33,17,96
33,9,110
33,44,93
33,57,86
33,62,99
33,45,93
33,65,86
1,15,30
1,16,29
1,18,12
1,19,1
1,20,10
1,21,11
1,22,33
1,23,13
1,24,38
1,26,31
1,27,31
1,29,102
1,4,33
1,11,23
1,12,92
1,14,37
1,6,21
1,8,32
1,25,18
1,28,24
1,30,87
1,32,87
1,33,87
1,1,1
1,37,14
1,2,17
1,36,14
1,35,14
1,3,20
1,7,18
1,54,23
1,47,21
1,38,36
1,53,110
1,43,1
1,51,25
1,48,10
1,46,36
1,52,34
1,49,28
1,61,30
1,40,16
1,63,60
1,59,28
1,10,28
1,64,124
1,66,22
1,55,24
1,58,19
1,60,22
1,5,19
1,13,28
1,31,22
1,17,33
1,9,32
1,44,36
1,57,13
1,62,21
1,45,36
1,65,31
37,15,19
37,16,19
37,18,8
37,19,15
37,20,18
37,21,23
37,22,25
37,23,4
37,24,36
37,26,17
37,27,21
37,29,90
37,4,25
37,11,9
37,12,82
37,14,29
37,6,14
37,8,22
37,25,12
37,28,10
37,30,86
37,32,86
37,33,86
37,1,14
37,37,1
37,2,5
37,36,1
37,35,1
37,3,14
37,7,12
37,54,14
37,47,13
37,38,27
37,53,101
37,43,14
37,51,16
37,48,13
37,46,27
37,52,31
37,49,19
37,61,16
37,40,28
37,63,54
37,59,18
37,10,20
37,64,115
37,66,11
37,55,11
37,58,14
37,60,16
37,5,15
37,13,19
37,31,18
37,17,23
37,9,24
37,44,27
37,57,1
37,62,16
37,45,27
37,65,23
2,15,16
2,16,15
2,18,10
2,19,17
2,20,20
2,21,25
2,22,25
2,23,5
2,24,36
2,26,15
2,27,17
2,29,89
2,4,24
2,11,9
2,12,82
2,14,28
2,6,14
2,8,18
2,25,13
2,28,10
2,30,87
2,32,87
2,33,87
2,1,16
2,37,4
2,2,1
2,36,4
2,35,4
2,3,14
2,7,12
2,54,14
2,47,13
2,38,23
2,53,97
2,43,16
2,51,16
2,48,15
2,46,23
2,52,31
2,49,15
2,61,14
2,40,30
2,63,54
2,59,14
2,10,19
2,64,114
2,66,11
2,55,10
2,58,14
2,60,16
2,5,15
2,13,15
2,31,18
2,17,19
2,9,23
2,44,23
2,57,4
2,62,16
2,45,23
2,65,19
36,15,19
36,16,19
36,18,8
36,19,15
36,20,18
36,21,23
36,22,25
36,23,4
36,24,36
36,26,17
36,27,21
36,29,90
36,4,25
36,11,9
36,12,82
36,14,29
36,6,14
36,8,22
36,25,12
36,28,10
36,30,86
36,32,86
36,33,86
36,1,14
36,37,1
36,2,5
36,36,1
36,35,1
36,3,14
36,7,12
36,54,14
36,47,13
36,38,27
36,53,101
36,43,14
36,51,16
36,48,13
36,46,27
36,52,31
36,49,19
36,61,16
36,40,28
36,63,54
36,59,18
36,10,20
36,64,115
36,66,11
36,55,11
36,58,14
36,60,16
36,5,15
36,13,19
36,31,18
36,17,23
36,9,24
36,44,27
36,57,1
36,62,16
36,45,27
36,65,23
35,15,19
35,16,19
35,18,8
35,19,15
35,20,18
35,21,23
35,22,25
35,23,4
35,24,36
35,26,17
35,27,21
35,29,90
35,4,25
35,11,9
35,12,82
35,14,29
35,6,14
35,8,22
35,25,12
35,28,10
35,30,86
35,32,86
35,33,86
35,1,14
35,37,1
35,2,5
35,36,1
35,35,1
35,3,14
35,7,12
35,54,14
35,47,13
35,38,27
35,53,101
35,43,14
35,51,16
35,48,13
35,46,27
35,52,31
35,49,19
35,61,16
35,40,28
35,63,54
35,59,18
35,10,20
35,64,115
35,66,11
35,55,11
35,58,14
35,60,16
35,5,15
35,13,19
35,31,18
35,17,23
35,9,24
35,44,27
35,57,1
35,62,16
35,45,27
35,65,23
3,15,19
3,16,22
3,18,8
3,19,21
3,20,21
3,21,29
3,22,13
3,23,17
3,24,24
3,26,18
3,27,25
3,29,79
3,4,13
3,11,4
3,12,71
3,14,17
3,6,1
3,8,25
3,25,2
3,28,5
3,30,97
3,32,97
3,33,97
3,1,20
3,37,13
3,2,13
3,36,13
3,35,13
3,3,1
3,7,3
3,54,3
3,47,1
3,38,30
3,53,102
3,43,20
3,51,5
3,48,16
3,46,30
3,52,19
3,49,23
3,61,17
3,40,34
3,63,42
3,59,19
3,10,7
3,64,104
3,66,5
3,55,8
3,58,6
3,60,2
3,5,6
3,13,23
3,31,4
3,17,26
3,9,11
3,44,30
3,57,13
3,62,7
3,45,30
3,65,26
7,15,20
7,16,22
7,18,5
7,19,18
7,20,19
7,21,27
7,22,16
7,23,15
7,24,25
7,26,19
7,27,24
7,29,83
7,4,16
7,11,6
7,12,75
7,14,20
7,6,5
7,8,25
7,25,1
7,28,7
7,30,94
7,32,94
7,33,94
7,1,17
7,37,12
7,2,12
7,36,12
7,35,12
7,3,3
7,7,1
7,54,6
7,47,4
7,38,29
7,53,103
7,43,18
7,51,8
7,48,14
7,46,29
7,52,20
7,49,22
7,61,18
7,40,32
7,63,45
7,59,20
7,10,11
7,64,107
7,66,6
7,55,9
7,58,3
7,60,4
7,5,3
7,13,22
7,31,6
7,17,26
7,9,15
7,44,29
7,57,12
7,62,5
7,45,29
7,65,26
54,15,17
54,16,20
54,18,11
54,19,24
54,20,24
54,21,32
54,22,12
54,23,17
54,24,25
54,26,16
54,27,23
54,29,78
54,4,11
54,11,4
54,12,70
54,14,15
54,6,2
54,8,23
54,25,5
54,28,4
54,30,99
54,32,99
54,33,99
54,1,23
54,37,13
54,2,14
54,36,13
54,35,13
54,3,3
54,7,6
54,54,1
54,47,3
54,38,28
54,53,100
54,43,23
54,51,3
54,48,19
54,46,28
54,52,20
54,49,23
54,61,15
54,40,37
54,63,42
54,59,17
54,10,6
54,64,103
54,66,3
54,55,5
54,58,9
54,60,5
54,5,9
54,13,23
54,31,7
54,17,24
54,9,10
54,44,28
54,57,14
54,62,10
54,45,28
54,65,26
47,15,19
47,16,22
47,18,9
47,19,22
47,20,22
47,21,30
47,22,12
47,23,16
47,24,23
47,26,17
47,27,24
47,29,79
47,4,12
47,11,4
47,12,71
47,14,16
47,6,1
47,8,25
47,25,3
47,28,5
47,30,98
47,32,98
47,33,98
47,1,20
47,37,13
47,2,13
47,36,13
47,35,13
47,3,1
47,7,4
47,54,2
47,47,1
47,38,30
47,53,102
47,43,21
47,51,4
47,48,17
47,46,30
47,52,18
47,49,22
47,61,17
47,40,35
47,63,41
47,59,18
47,10,7
47,64,103
47,66,4
47,55,8
47,58,7
47,60,3
47,5,6
47,13,22
47,31,5
47,17,26
47,9,11
47,44,30
47,57,13
47,62,8
47,45,30
47,65,26
38,15,13
38,16,8
38,18,31
38,19,38
38,20,43
38,21,43
38,22,33
38,23,26
38,24,53
38,26,15
38,27,7
38,29,80
38,4,34
38,11,27
38,12,71
38,14,38
38,6,30
38,8,7
38,25,30
38,28,26
38,30,93
38,32,93
38,33,93
38,1,36
38,37,27
38,2,23
38,36,27
38,35,27
38,3,31
38,7,30
38,54,29
38,47,30
38,38,1
38,53,74
38,43,37
38,51,29
38,48,39
38,46,1
38,52,46
38,49,13
38,61,17
38,40,48
38,63,62
38,59,13
38,10,32
38,64,104
38,66,27
38,55,24
38,58,32
38,60,33
38,5,33
38,13,13
38,31,35
38,17,4
38,9,32
38,44,1
38,57,27
38,62,35
38,45,1
38,65,11
53,15,85
53,16,82
53,18,105
53,19,112
53,20,117
53,21,117
53,22,98
53,23,100
53,24,126
53,26,86
53,27,80
53,29,81
53,4,102
53,11,101
53,12,68
53,14,105
53,6,104
53,8,79
53,25,104
53,28,100
53,30,133
53,32,133
53,33,133
53,1,111
53,37,101
53,2,97
53,36,101
53,35,101
53,3,105
53,7,104
53,54,102
53,47,104
53,38,74
53,53,1
53,43,111
53,51,102
53,48,113
53,46,74
53,52,115
53,49,90
53,61,87
53,40,122
53,63,127
53,59,87
53,10,104
53,64,79
53,66,100
53,55,97
53,58,106
53,60,107
53,5,107
53,13,90
53,31,109
53,17,78
53,9,101
53,44,74
53,57,101
53,62,109
53,45,74
53,65,84
43,15,30
43,16,29
43,18,12
43,19,1
43,20,9
43,21,12
43,22,33
43,23,13
43,24,37
43,26,31
43,27,31
43,29,101
43,4,33
43,11,24
43,12,92
43,14,40
43,6,22
43,8,32
43,25,18
43,28,24
43,30,88
43,32,88
43,33,88
43,1,1
43,37,14
43,2,17
43,36,14
43,35,14
43,3,21
43,7,18
43,54,24
43,47,21
43,38,37
43,53,111
43,43,1
43,51,25
43,48,9
43,46,37
43,52,33
43,49,28
43,61,30
43,40,15
43,63,59
43,59,28
43,10,28
43,64,128
43,66,23
43,55,25
43,58,19
43,60,22
43,5,20
43,13,28
43,31,23
43,17,33
43,9,32
43,44,37
43,57,14
43,62,21
43,45,37
43,65,31
51,15,18
51,16,21
51,18,13
51,19,26
51,20,26
51,21,34
51,22,10
51,23,19
51,24,25
51,26,16
51,27,23
51,29,76
51,4,9
51,11,7
51,12,68
51,14,13
51,6,4
51,8,24
51,25,7
51,28,7
51,30,101
51,32,101
51,33,101
51,1,25
51,37,15
51,2,16
51,36,15
51,35,15
51,3,5
51,7,8
51,54,4
51,47,5
51,38,28
51,53,100
51,43,25
51,51,1
51,48,21
51,46,28
51,52,18
51,49,24
51,61,15
51,40,39
51,63,40
51,59,17
51,10,4
51,64,101
51,66,7
51,55,6
51,58,11
51,60,7
51,5,11
51,13,24
51,31,9
51,17,25
51,9,8
51,44,28
51,57,16
51,62,12
51,45,28
51,65,28
48,15,32
48,16,31
48,18,9
48,19,9
48,20,5
48,21,21
48,22,30
48,23,14
48,24,28
48,26,30
48,27,33
48,29,93
48,4,30
48,11,19
48,12,88
48,14,31
48,6,18
48,8,34
48,25,15
48,28,20
48,30,94
48,32,94
48,33,94
48,1,10
48,37,13
48,2,16
48,36,13
48,35,13
48,3,17
48,7,14
48,54,20
48,47,18
48,38,39
48,53,113
48,43,9
48,51,21
48,48,1
48,46,39
48,52,24
48,49,31
48,61,29
48,40,18
48,63,50
48,59,30
48,10,25
48,64,119
48,66,20
48,55,23
48,58,12
48,60,16
48,5,12
48,13,31
48,31,14
48,17,35
48,9,28
48,44,39
48,57,12
48,62,12
48,45,39
48,65,35
46,15,13
46,16,8
46,18,31
46,19,38
46,20,43
46,21,43
46,22,33
46,23,26
46,24,53
46,26,15
46,27,7
46,29,80
46,4,34
46,11,27
46,12,71
46,14,38
46,6,30
46,8,7
46,25,30
46,28,26
46,30,93
46,32,93
46,33,93
46,1,36
46,37,27
46,2,23
46,36,27
46,35,27
46,3,31
46,7,30
46,54,29
46,47,30
46,38,1
46,53,74
46,43,37
46,51,29
46,48,39
46,46,1
46,52,46
46,49,13
46,61,17
46,40,48
46,63,62
46,59,13
46,10,32
46,64,104
46,66,27
46,55,24
46,58,32
46,60,33
46,5,33
46,13,13
46,31,35
46,17,4
46,9,32
46,44,1
46,57,27
46,62,35
46,45,1
46,65,11
52,15,34
52,16,38
52,18,24
52,19,32
52,20,29
52,21,45
52,22,18
52,23,33
52,24,16
52,26,33
52,27,40
52,29,72
52,4,14
52,11,23
52,12,75
52,14,12
52,6,20
52,8,41
52,25,21
52,28,23
52,30,113
52,32,113
52,33,113
52,1,34
52,37,31
52,2,32
52,36,31
52,35,31
52,3,20
52,7,21
52,54,21
52,47,19
52,38,47
52,53,115
52,43,33
52,51,19
52,48,24
52,46,47
52,52,1
52,49,41
52,61,30
52,40,41
52,63,26
52,59,34
52,10,15
52,64,99
52,66,22
52,55,24
52,58,19
52,60,18
52,5,18
52,13,41
52,31,16
52,17,43
52,9,14
52,44,47
52,57,31
52,62,15
52,45,47
52,65,45
49,15,12
49,16,8
49,18,23
49,19,29
49,20,35
49,21,30
49,22,30
49,23,17
49,24,46
49,26,13
49,27,10
49,29,89
49,4,31
49,11,19
49,12,80
49,14,35
49,6,23
49,8,11
49,25,22
49,28,19
49,30,84
49,32,84
49,33,84
49,1,28
49,37,19
49,2,15
49,36,19
49,35,19
49,3,23
49,7,22
49,54,23
49,47,23
49,38,13
49,53,90
49,43,28
49,51,24
49,48,31
49,46,13
49,52,41
49,49,1
49,61,14
49,40,35
49,63,64
49,59,10
49,10,28
49,64,113
49,66,20
49,55,20
49,58,24
49,60,25
49,5,25
49,13,1
49,31,27
49,17,12
49,9,29
49,44,13
49,57,19
49,62,27
49,45,13
49,65,5
61,15,4
61,16,9
61,18,22
61,19,32
61,20,36
61,21,39
61,22,16
61,23,19
61,24,40
61,26,2
61,27,10
61,29,77
61,4,17
61,11,15
61,12,69
61,14,21
61,6,18
61,8,10
61,25,20
61,28,14
61,30,97
61,32,97
61,33,97
61,1,30
61,37,18
61,2,17
61,36,18
61,35,18
61,3,19
61,7,20
61,54,16
61,47,19
61,38,17
61,53,87
61,43,31
61,51,15
61,48,31
61,46,17
61,52,30
61,49,14
61,61,1
61,40,44
61,63,49
61,59,3
61,10,18
61,64,102
61,66,14
61,55,10
61,58,23
61,60,21
61,5,23
61,13,14
61,31,23
61,17,13
61,9,16
61,44,17
61,57,19
61,62,25
61,45,17
61,65,18
40,15,42
40,16,40
40,18,27
40,19,15
40,20,14
40,21,7
40,22,48
40,23,27
40,24,46
40,26,43
40,27,42
40,29,110
40,4,48
40,11,38
40,12,106
40,14,49
40,6,36
40,8,43
40,25,33
40,28,39
40,30,90
40,32,90
40,33,90
40,1,16
40,37,28
40,2,31
40,36,28
40,35,28
40,3,35
40,7,32
40,54,38
40,47,36
40,38,48
40,53,122
40,43,15
40,51,40
40,48,18
40,46,48
40,52,42
40,49,35
40,61,44
40,40,1
40,63,68
40,59,41
40,10,43
40,64,137
40,66,37
40,55,39
40,58,30
40,60,34
40,5,30
40,13,35
40,31,32
40,17,44
40,9,46
40,44,48
40,57,28
40,62,29
40,45,48
40,65,39
63,15,53
63,16,59
63,18,49
63,19,58
63,20,55
63,21,71
63,22,35
63,23,58
63,24,42
63,26,51
63,27,57
63,29,66
63,4,32
63,11,45
63,12,73
63,14,29
63,6,42
63,8,58
63,25,45
63,28,45
63,30,138
63,32,138
63,33,138
63,1,60
63,37,54
63,2,55
63,36,54
63,35,54
63,3,42
63,7,46
63,54,43
63,47,42
63,38,62
63,53,127
63,43,59
63,51,40
63,48,50
63,46,62
63,52,26
63,49,64
63,61,49
63,40,67
63,63,1
63,59,53
63,10,37
63,64,93
63,66,45
63,55,45
63,58,44
63,60,41
63,5,43
63,13,64
63,31,39
63,17,60
63,9,34
63,44,62
63,57,55
63,62,40
63,45,62
63,65,68
59,15,3
59,16,5
59,18,22
59,19,29
59,20,34
59,21,35
59,22,20
59,23,17
59,24,41
59,26,3
59,27,8
59,29,81
59,4,21
59,11,15
59,12,73
59,14,25
59,6,19
59,8,8
59,25,19
59,28,15
59,30,94
59,32,94
59,33,94
59,1,27
59,37,18
59,2,14
59,36,18
59,35,18
59,3,19
59,7,20
59,54,17
59,47,19
59,38,13
59,53,86
59,43,28
59,51,17
59,48,30
59,46,13
59,52,33
59,49,11
59,61,4
59,40,41
59,63,53
59,59,1
59,10,21
59,64,106
59,66,15
59,55,12
59,58,23
59,60,21
59,5,23
59,13,11
59,31,23
59,17,10
59,9,20
59,44,13
59,57,18
59,62,25
59,45,13
59,65,14
10,15,21
10,16,24
10,18,15
10,19,28
10,20,30
10,21,37
10,22,9
10,23,23
10,24,23
10,26,19
10,27,26
10,29,74
10,4,5
10,11,10
10,12,66
10,14,9
10,6,6
10,8,27
10,25,9
10,28,9
10,30,105
10,32,105
10,33,105
10,1,27
10,37,19
10,2,19
10,36,19
10,35,19
10,3,8
10,7,11
10,54,6
10,47,7
10,38,32
10,53,104
10,43,28
10,51,4
10,48,25
10,46,32
10,52,15
10,49,28
10,61,18
10,40,42
10,63,36
10,59,20
10,10,1
10,64,99
10,66,9
10,55,9
10,58,11
10,60,8
10,5,11
10,13,28
10,31,10
10,17,28
10,9,5
10,44,32
10,57,20
10,62,12
10,45,32
10,65,32
64,15,105
64,16,108
64,18,113
64,19,128
64,20,125
64,21,134
64,22,92
64,23,119
64,24,115
64,26,104
64,27,106
64,29,28
64,4,95
64,11,107
64,12,34
64,14,97
64,6,104
64,8,106
64,25,107
64,28,107
64,30,195
64,32,195
64,33,195
64,1,125
64,37,115
64,2,115
64,36,115
64,35,115
64,3,105
64,7,108
64,54,104
64,47,105
64,38,105
64,53,79
64,43,128
64,51,101
64,48,120
64,46,105
64,52,99
64,49,114
64,61,103
64,40,137
64,63,93
64,59,106
64,10,100
64,64,1
64,66,106
64,55,105
64,58,111
64,60,107
64,5,112
64,13,114
64,31,109
64,17,106
64,9,96
64,44,105
64,57,116
64,62,110
64,45,105
64,65,116
66,15,15
66,16,18
66,18,10
66,19,23
66,20,24
66,21,33
66,22,14
66,23,14
66,24,27
66,26,14
66,27,21
66,29,80
66,4,14
66,11,1
66,12,73
66,14,18
66,6,4
66,8,21
66,25,5
66,28,1
66,30,96
66,32,96
66,33,96
66,1,22
66,37,10
66,2,10
66,36,10
66,35,10
66,3,5
66,7,6
66,54,3
66,47,4
66,38,26
66,53,98
66,43,22
66,51,6
66,48,19
66,46,26
66,52,22
66,49,19
66,61,13
66,40,36
66,63,44
66,59,15
66,10,9
66,64,105
66,66,1
66,55,3
66,58,9
66,60,7
66,5,9
66,13,19
66,31,9
66,17,23
66,9,13
66,44,26
66,57,11
66,62,10
66,45,26
66,65,23
55,15,13
55,16,16
55,18,13
55,19,25
55,20,28
55,21,33
55,22,15
55,23,14
55,24,30
55,26,11
55,27,18
55,29,80
55,4,15
55,11,5
55,12,72
55,14,18
55,6,7
55,8,19
55,25,9
55,28,3
55,30,96
55,32,96
55,33,96
55,1,24
55,37,10
55,2,11
55,36,10
55,35,10
55,3,9
55,7,10
55,54,5
55,47,8
55,38,24
55,53,95
55,43,24
55,51,6
55,48,23
55,46,24
55,52,23
55,49,20
55,61,10
55,40,38
55,63,45
55,59,12
55,10,9
55,64,105
55,66,4
55,55,1
55,58,12
55,60,11
55,5,13
55,13,20
55,31,12
55,17,20
55,9,13
55,44,24
55,57,11
55,62,14
55,45,24
55,65,23
58,15,23
58,16,24
58,18,6
58,19,19
58,20,17
58,21,28
58,22,19
58,23,15
58,24,23
58,26,21
58,27,26
58,29,86
58,4,19
58,11,9
58,12,78
58,14,19
58,6,7
58,8,27
58,25,4
58,28,10
58,30,95
58,32,95
58,33,95
58,1,18
58,37,13
58,2,14
58,36,13
58,35,13
58,3,6
58,7,3
58,54,9
58,47,7
58,38,32
58,53,106
58,43,19
58,51,11
58,48,12
58,46,32
58,52,18
58,49,24
58,61,21
58,40,29
58,63,43
58,59,22
58,10,11
58,64,110
58,66,9
58,55,12
58,58,1
58,60,5
58,5,1
58,13,24
58,31,4
58,17,28
58,9,17
58,44,32
58,57,13
58,62,3
58,45,32
58,65,28
60,15,22
60,16,24
60,18,9
60,19,22
60,20,21
60,21,31
60,22,15
60,23,19
60,24,22
60,26,20
60,27,27
60,29,81
60,4,13
60,11,6
60,12,74
60,14,18
60,6,3
60,8,27
60,25,4
60,28,7
60,30,99
60,32,99
60,33,99
60,1,21
60,37,15
60,2,16
60,36,15
60,35,15
60,3,2
60,7,4
60,54,5
60,47,3
60,38,32
60,53,104
60,43,22
60,51,7
60,48,16
60,46,32
60,52,18
60,49,25
60,61,19
60,40,33
60,63,40
60,59,21
60,10,8
60,64,106
60,66,7
60,55,10
60,58,4
60,60,1
60,5,3
60,13,25
60,31,2
60,17,29
60,9,13
60,44,32
60,57,16
60,62,5
60,45,32
60,65,29
5,15,23
5,16,25
5,18,7
5,19,20
5,20,17
5,21,29
5,22,19
5,23,16
5,24,22
5,26,22
5,27,27
5,29,85
5,4,16
5,11,9
5,12,78
5,14,18
5,6,7
5,8,28
5,25,4
5,28,10
5,30,96
5,32,96
5,33,96
5,1,19
5,37,14
5,2,15
5,36,14
5,35,14
5,3,6
5,7,3
5,54,9
5,47,7
5,38,32
5,53,106
5,43,19
5,51,11
5,48,12
5,46,32
5,52,17
5,49,25
5,61,21
5,40,30
5,63,42
5,59,23
5,10,11
5,64,111
5,66,9
5,55,12
5,58,1
5,60,4
5,5,1
5,13,25
5,31,3
5,17,29
5,9,17
5,44,32
5,57,14
5,62,2
5,45,32
5,65,29
13,15,12
13,16,8
13,18,23
13,19,29
13,20,35
13,21,30
13,22,30
13,23,17
13,24,46
13,26,13
13,27,10
13,29,89
13,4,31
13,11,19
13,12,80
13,14,35
13,6,23
13,8,11
13,25,22
13,28,19
13,30,84
13,32,84
13,33,84
13,1,28
13,37,19
13,2,15
13,36,19
13,35,19
13,3,23
13,7,22
13,54,23
13,47,23
13,38,13
13,53,90
13,43,28
13,51,24
13,48,31
13,46,13
13,52,41
13,49,1
13,61,14
13,40,35
13,63,64
13,59,10
13,10,28
13,64,113
13,66,20
13,55,20
13,58,24
13,60,25
13,5,25
13,13,1
13,31,27
13,17,12
13,9,29
13,44,13
13,57,19
13,62,27
13,45,13
13,65,5
31,15,24
31,16,26
31,18,10
31,19,22
31,20,19
31,21,31
31,22,17
31,23,19
31,24,21
31,26,22
31,27,29
31,29,81
31,4,15
31,11,8
31,12,76
31,14,16
31,6,5
31,8,29
31,25,5
31,28,9
31,30,99
31,32,99
31,33,99
31,1,22
31,37,17
31,2,18
31,36,17
31,35,17
31,3,4
31,7,6
31,54,7
31,47,5
31,38,34
31,53,106
31,43,22
31,51,9
31,48,14
31,46,34
31,52,16
31,49,27
31,61,21
31,40,31
31,63,38
31,59,23
31,10,10
31,64,108
31,66,9
31,55,12
31,58,4
31,60,2
31,5,3
31,13,27
31,31,1
31,17,31
31,9,15
31,44,34
31,57,18
31,62,3
31,45,34
31,65,31
17,15,9
17,16,5
17,18,27
17,19,34
17,20,40
17,21,39
17,22,29
17,23,22
17,24,49
17,26,12
17,27,3
17,29,81
17,4,30
17,11,23
17,12,72
17,14,34
17,6,27
17,8,2
17,25,26
17,28,23
17,30,96
17,32,96
17,33,96
17,1,33
17,37,23
17,2,19
17,36,23
17,35,23
17,3,27
17,7,26
17,54,25
17,47,27
17,38,4
17,53,78
17,43,33
17,51,25
17,48,35
17,46,4
17,52,42
17,49,12
17,61,13
17,40,45
17,63,60
17,59,10
17,10,29
17,64,105
17,66,23
17,55,20
17,58,29
17,60,29
17,5,29
17,13,12
17,31,31
17,17,1
17,9,29
17,44,4
17,57,24
17,62,32
17,45,4
17,65,12
9,15,20
9,16,24
9,18,20
9,19,33
9,20,33
9,21,41
9,22,5
9,23,27
9,24,30
9,26,18
9,27,26
9,29,71
9,4,2
9,11,14
9,12,63
9,14,6
9,6,11
9,8,27
9,25,14
9,28,13
9,30,109
9,32,109
9,33,109
9,1,31
9,37,23
9,2,23
9,36,23
9,35,23
9,3,12
9,7,15
9,54,11
9,47,11
9,38,33
9,53,100
9,43,32
9,51,8
9,48,28
9,46,33
9,52,14
9,49,29
9,61,16
9,40,46
9,63,34
9,59,20
9,10,6
9,64,95
9,66,13
9,55,13
9,58,18
9,60,14
9,5,17
9,13,29
9,31,16
9,17,29
9,9,1
9,44,33
9,57,24
9,62,19
9,45,33
9,65,33
44,15,13
44,16,8
44,18,31
44,19,38
44,20,43
44,21,43
44,22,33
44,23,26
44,24,53
44,26,15
44,27,7
44,29,80
44,4,34
44,11,27
44,12,71
44,14,38
44,6,30
44,8,7
44,25,30
44,28,26
44,30,93
44,32,93
44,33,93
44,1,36
44,37,27
44,2,23
44,36,27
44,35,27
44,3,31
44,7,30
44,54,29
44,47,30
44,38,1
44,53,74
44,43,37
44,51,29
44,48,39
44,46,1
44,52,46
44,49,13
44,61,17
44,40,48
44,63,62
44,59,13
44,10,32
44,64,104
44,66,27
44,55,24
44,58,32
44,60,33
44,5,33
44,13,13
44,31,35
44,17,4
44,9,32
44,44,1
44,57,27
44,62,35
44,45,1
44,65,11
57,15,19
57,16,19
57,18,7
57,19,14
57,20,17
57,21,22
57,22,26
57,23,3
57,24,36
57,26,18
57,27,22
57,29,90
57,4,25
57,11,10
57,12,83
57,14,29
57,6,14
57,8,22
57,25,13
57,28,11
57,30,85
57,32,85
57,33,85
57,1,13
57,37,1
57,2,4
57,36,1
57,35,1
57,3,14
57,7,13
57,54,14
57,47,14
57,38,27
57,53,101
57,43,14
57,51,16
57,48,12
57,46,27
57,52,31
57,49,19
57,61,17
57,40,28
57,63,54
57,59,18
57,10,20
57,64,115
57,66,11
57,55,11
57,58,14
57,60,16
57,5,14
57,13,19
57,31,18
57,17,24
57,9,24
57,44,27
57,57,1
57,62,16
57,45,27
57,65,23
62,15,26
62,16,27
62,18,9
62,19,21
62,20,17
62,21,30
62,22,20
62,23,18
62,24,20
62,26,24
62,27,29
62,29,82
62,4,17
62,11,10
62,12,79
62,14,17
62,6,9
62,8,30
62,25,6
62,28,11
62,30,98
62,32,98
62,33,98
62,1,21
62,37,16
62,2,17
62,36,16
62,35,16
62,3,7
62,7,6
62,54,10
62,47,8
62,38,35
62,53,108
62,43,21
62,51,12
62,48,12
62,46,35
62,52,15
62,49,27
62,61,23
62,40,30
62,63,40
62,59,25
62,10,12
62,64,109
62,66,11
62,55,14
62,58,3
62,60,5
62,5,2
62,13,27
62,31,3
62,17,31
62,9,19
62,44,35
62,57,16
62,62,1
62,45,35
62,65,31
45,15,13
45,16,8
45,18,31
45,19,38
45,20,43
45,21,43
45,22,33
45,23,26
45,24,53
45,26,15
45,27,7
45,29,80
45,4,34
45,11,27
45,12,71
45,14,38
45,6,30
45,8,7
45,25,30
45,28,26
45,30,93
45,32,93
45,33,93
45,1,36
45,37,27
45,2,23
45,36,27
45,35,27
45,3,31
45,7,30
45,54,29
45,47,30
45,38,1
45,53,74
45,43,37
45,51,29
45,48,39
45,46,1
45,52,46
45,49,13
45,61,17
45,40,48
45,63,62
45,59,13
45,10,32
45,64,104
45,66,27
45,55,24
45,58,32
45,60,33
45,5,33
45,13,13
45,31,35
45,17,4
45,9,32
45,44,1
45,57,27
45,62,35
45,45,1
45,65,11
65,15,15
65,16,11
65,18,27
65,19,32
65,20,39
65,21,33
65,22,33
65,23,21
65,24,50
65,26,16
65,27,12
65,29,91
65,4,35
65,11,23
65,12,82
65,14,38
65,6,27
65,8,12
65,25,26
65,28,23
65,30,85
65,32,85
65,33,85
65,1,31
65,37,23
65,2,19
65,36,23
65,35,23
65,3,27
65,7,26
65,54,27
65,47,27
65,38,11
65,53,85
65,43,31
65,51,28
65,48,34
65,46,11
65,52,45
65,49,5
65,61,18
65,40,39
65,63,66
65,59,14
65,10,32
65,64,115
65,66,24
65,55,23
65,58,28
65,60,29
65,5,29
65,13,5
65,31,31
65,17,12
65,9,33
65,44,11
65,57,23
65,62,31
65,45,11
65,65,1